-9957
-5534
-9736
3273
-8494
-4957
5036
-231
46
5074
-4800
-2545
4742
5426
-5002
14
4208
9863
-9840
-4641
-3319
3635
-8961
9539
-9643
-1215
47
372
-5882
85
-8257
404
-4691
-4735
-9645
-4967
5190
-2378
-7032
-22
-8569
320
349
-5012
515
-7776
5143
3120
8934
-4968
5001
-770
487
5656
9463
-9822
-9596
-4460
315
-387
5404
-4683
5529
-8032
-9962
-209
-9830
7563
-7135
3852
-4381
5143
3523
1614
7779
6850
-7412
-1148
-3042
469
-6339
-9705
-9502
505
281
8896
40
-6694
-6018
235
5521
-2022
-4814
4808
9369
-9732
8011
-9329
-1681
-5797
-4586
-9643
-4546
-774
98
9667
1819
-4469
782
-4745
-8583
5764
4665
515
5183
4518
-1967
7834
2944
2204
-20
-6759
1878
-4261
-6187
-1974
-6975
5931
3724
5421
9496
-436
1194
-4612
9992
814
-9687
506
7820
-3250
5089
-5128
4527
9246
-2921
5531
83
1810
5491
-2582
4223
5718
-4926
-8767
-1009
-9278
206
-95
8180
-4410
-9878
-690
8045
-1426
315
-2575
-9599
-1313
293
-9645
-5778
5158
-5217
4227
-41
5281
-4243
5409
205
661
5241
-9890
4620
9533
8165
-9275
-4782
-4514
-3132
330
-9482
5281
-4560
-5458
-4173
4977
-9892
-69
8291
4991
5718
5672
-764
-5160
8840
9692
-4084
8426
5366
-4527
-2809
4998
9209
315
5719
-1727
-7263
-4808
937
4622
466
-4597
1023
4980
-5920
-9037
-5005
-840
9713
-4159
9643
5931
7850
5335
-6715
8867
-9448
-4245
-41
-404
-5843
-4047
3595
6949
9759
5450
-9264
-129
-4782
-9183
-4564
-4900
-9448
-9435
-369
-7294
-7438
-9978
77
-8173
-236
5880
7738
-7756
-9158
-5321
5038
6023
-2497
-7051
-4744
-4910
-5228
-4238
-6335
-7400
-9891
-8952
4981
4687
2058
9418
1721
-4075
5213
-8941
9777
5572
5439
4982
-9011
5683
-5265
-872
5969
481
-9907
-9839
-3973
5490
-64
9699
891
-8386
5383
1174
4226
1098
-9008
9495
-4460
4014
-4487
9264
2247
-4439
184
8837
-9173
-9252
-4410
-4396
6596
-4214
-9249
-4362
6440
-295
6898
4865
975
5035
-9382
5247
1577
5439
4823
808
-6537
-7263
166
5801
1155
5244
-1177
-9007
-3366
-4139
5240
-3886
5276
9752
5092
-5155
-9097
-9207
1097
5938
-5027
663
-9957
7757
3367
6027
4742
4006
1770
1802
-535
-9670
2560
5269
7176
-9319
-6940
-5390
-3797
-9650
5586
-9478
462
4120
-9995
9066
-4092
5987
5341
-8767
-3
5770
92
5311
9376
-4183
5136
5649
-3763
402
559
-5122
4697
113
736
-9303
-5901
1663
-1442
-678
3905
-3985
-3826
1023
-5918
-9574
5213
-38
-2793
5873
-4030
-8801
-7585
-4130
545
456
2789
-8772
3926
-459
1207
-7863
-4474
760
-8857
-9099
-4085
5788
-136
-7467
-9665
5450
-3960
6216
-2918
318
1719
5216
690
5346
1097
4705
-8989
-3697
1933
5561
-3941
6812
-5772
-1215
-8117
5754
9739
808
6368
310
9095
6200
5805
-1003
-9565
-9264
5088
-6245
-5385
-3783
5855
-8832
5560
-5183
3860
-3659
-2681
-2558
-4265
8998
5585
5303
-4516
946
-3764
8824
-2598
5791
9484
-358
4484
3669
-9568
-3754
-5448
5333
2694
8826
4784
-1075
-4455
-8976
-9657
5206
-5531
1460
332
-5861
-9259
5537
-688
5972
-4321
1243
5822
1398
976
-9292
-3169
364
-7417
-8122
-6277
5830
-8909
-147
-4972
-1967
-5236
-4229
589
3327
6281
5926
7283
-9974
7909
5036
-4864
1147
6214
3144
-4503
-3386
9183
-9732
9421
-2084
5224
2004
6026
8663
6213
1222
-228
6413
-9706
1097
-3480
-4804
-9012
-9448
9198
3660
-422
1155
582
-9978
4342
2524
9783
1496
4707
-8683
4243
-2297
782
-4896
-893
-5445
189
-6919
-5510
3682
-4096
5865
-7032
5743
7127
-4092
-3178
-4357
-3480
-5285
-9013
-9648
4437
7824
-9463
862
892
-6184
4190
5938
-4851
2762
1744
7781
4121
8313
-9024
6260
823
1143
-8892
469
6449
6034
-4816
5439
5706
-5960
5533
-4564
5435
6258
5401
-4238
-1307
-733
-2159
-8452
2228
-9513
7473
4936
9468
4392
1197
-3892
-55
1244
-9713
158
-6270
-4641
-3936
-2839
1222
-285
6443
9960
-4053
-8968
5233
6135
5899
-5673
-2159
6448
-4214
-8664
-4243
5663
-8238
-2869
7115
1053
975
-9998
2357
1474
-8916
6614
-1351
-8359
6092
1633
5436
-4299
-7099
4171
823
9956
749
-6759
-535
-4852
-6870
-3402
1033
2661
1264
-3119
-9299
275
-3511
892
-8753
8
-4400
6779
-3338
9065
3293
5739
-9061
497
-3465
-6255
-8866
4014
768
7175
7040
-9813
5265
5309
9577
2148
-5513
6704
5814
-3300
1321
-5094
4221
-8755
-981
5788
5261
-5194
-3509
962
-4414
39
1459
3242
8824
1462
3293
4616
3494
776
1574
1452
-682
-593
2090
-3418
-7163
-8615
-3025
496
6745
-3054
1458
8488
-8415
6425
-8002
-8531
4871
1112
-3349
-4967
8697
6263
-459
2626
-7656
9819
-9012
1515
-9809
876
-3523
5248
-3352
-3928
-8823
7846
-6816
-786
1553
6027
7922
5638
-3978
-2502
-756
-8829
5111
38
4256
-8570
-3949
724
-9264
-1131
46
-8246
6307
5355
-4612
-9703
-3624
9023
-4827
5914
-4347
-8847
-9120
5968
-3892
-3476
-4712
5689
217
5608
-8242
5281
7815
-8680
-3208
8992
1489
-8435
5822
6273
-3215
1531
-3941
-3737
-7145
305
6087
2809
-6561
-8472
-1753
-3348
6015
357
1241
7159
6205
9013
40
-2921
6149
5638
-8652
-8144
4973
1879
-179
6873
-8642
-9408
-4972
1813
-9104
-3386
-741
6642
9330
1340
-5534
8742
-4265
2365
-4289
4628
-6304
-6374
-9555
942
227
3426
4016
-5545
1371
5355
4421
5391
77
-9653
-4782
-9271
1455
4905
1430
-1445
5262
5131
-3949
-5539
-653
-8047
6582
1950
-8544
1688
6717
9960
5409
1577
-2115
-4693
-8842
9605
1514
-3567
4837
-5716
-6090
-7757
364
-8530
-6104
6048
1950
-3726
2632
-3872
6759
6578
425
6048
9598
6704
-3797
-3046
6034
-823
469
4915
-4126
-4935
-89
-8139
1742
-136
1945
-227
-649
-8734
-4749
-3982
5761
4659
-9981
-1146
-9819
2775
-5142
-5038
-8635
6116
8809
414
3199
4686
6516
-3008
4715
-8472
-8301
3637
-3703
398
-4289
7047
1190
7057
-3462
1387
9950
284
3902
4547
1825
1002
6837
6900
-8004
7689
-2011
6528
-4078
-9996
-4250
-8179
5068
5262
-3095
-3626
-9914
-7708
-6506
-1511
-8173
-3979
1845
-6524
-8609
3672
-3830
2058
-3257
1455
-4091
-8238
-443
231
1242
6720
777
-9830
-9278
9914
8614
-8158
4556
-3780
-8435
8706
-3643
5450
9874
-8343
9766
-8173
-8411
-8785
1072
8914
669
-6462
-3388
3379
1729
-4403
-7571
721
-8638
3004
6171
1792
1966
-6921
2132
3349
-2339
-3481
5026
-4466
1962
-9359
-9979
-4190
8128
702
-974
3383
2143
4998
-5271
-3701
13
-3161
-9040
-4838
5256
-8847
-5234
6579
-4645
-4410
6346
4760
4478
6872
9653
2784
-482
7125
6230
1060
1617
-8474
2788
7856
7321
429
5822
-3735
186
-8144
879
-2041
1762
2646
6436
2204
4619
-4284
5165
-3833
-2159
6928
806
-1777
-818
1214
-2807
9954
216
4899
-6681
6255
-6888
1704
-461
-1362
-3349
-8615
-8044
-2783
-3586
1155
-1723
-3138
4786
-3886
9937
-7850
-9852
-9275
-9880
3151
-7970
-6325
2919
-7369
2277
5870
-8951
5256
2901
-4898
-7725
-3085
-8441
6063
6197
858
-8239
7027
-7852
5569
-8732
6367
-7419
6625
-692
-4810
721
-3196
4110
68
-4546
-3275
1950
177
9081
-1215
6214
6188
281
-3383
1688
2288
-7664
5303
1598
5152
-3070
-4735
-1593
6663
-4884
-4431
-5347
2274
7422
4750
-9588
2951
-3084
4966
-7696
-5024
-7863
2332
-5278
-3373
-7978
-8895
9932
-5012
-4357
8972
3469
1989
-5398
-8574
-3208
4899
6676
-4311
-6313
-3491
8851
-5234
6629
7433
-8117
-4634
-4749
-5531
5110
-6643
-3833
-8523
7112
-558
5656
7183
5521
1642
-3468
-8471
2181
-1538
2237
-2470
-7638
1301
2414
-4022
-9326
-599
-9949
4797
9745
0
-9465
1840
3301
-7802
-966
9065
1721
-2918
5767
-5035
18
3615
360
-8444
-613
9209
7285
-2746
-2681
6804
6255
3174
1814
6704
-2694
9633
-2538
2026
6850
362
9105
-1075
275
8551
-3196
-2124
20
2074
-8117
92
2193
7069
1738
8912
8340
2074
-4030
7312
-9590
-5531
317
1043
2608
5611
-473
4027
5038
-9899
8092
-3024
-5123
6900
-8067
800
6301
-8969
-4453
-9037
-5001
-3762
6918
3915
-9961
-3701
-6828
2294
6717
1225
6306
-3372
-4321
-8739
3431
-4877
-3773
-7530
7846
-5012
-8999
9519
-9342
-7874
9877
3277
-8116
5520
-3129
1700
-9153
-2655
315
-9380
-4248
-2558
1813
8768
-8119
1243
-9856
-4582
-4040
8840
-8200
750
3591
937
2273
6466
-4189
2383
8911
9195
4808
5862
-2901
-6849
-4533
-2547
2200
-5626
-3967
2176
6462
7244
-4927
7245
445
5306
-8527
-3125
-1203
-7538
730
-78
-7472
-5936
7365
-2056
1505
5813
-8393
664
1923
4227
952
-8395
-5083
-4890
-7958
-4203
1220
-5287
-2619
6887
3553
2547
-3412
-2851
-2575
6984
-7501
-7787
-8048
1792
6949
-5038
8016
2852
7802
-4047
-8463
7387
-7490
5732
6633
545
7005
-5430
-1336
-8391
163
-2339
-6780
-2389
-9644
-38
5409
7287
1644
-568
1759
9791
2264
-5756
-2423
-843
9653
-5460
-7501
2158
-3569
54
5355
-2646
6910
8043
7447
6682
-8130
6580
5799
6948
4484
-6787
-7081
8887
3339
-4474
7647
-9420
-8305
6225
6613
-3057
-2533
784
1542
784
6721
5926
-6005
3806
2058
-9062
-4028
-2783
9075
183
-4884
-7436
4800
6276
-7661
3494
2234
1688
7183
-78
-9793
-7804
-7485
7330
-2356
2200
-7527
-8987
-3322
-1697
6055
-485
-764
2018
1191
-8574
-5314
1825
-7715
1621
-8530
2449
375
1176
-8301
-7382
-7850
-3481
1996
-8167
9175
-7666
-920
3589
-1611
208
-3650
-5918
-8349
635
-5292
1071
-8388
9719
1407
-1065
4164
7111
-8910
-1664
-2513
-4468
-7128
-7804
-9596
-2344
-7366
-3217
-776
-2899
-7903
1663
-4894
-8847
6947
9979
7153
-5547
1971
-8925
-8671
-7280
8197
3302
8899
1769
-2479
-8393
-1258
-6466
3469
-4898
2108
6476
8548
-7342
6889
4742
-2236
-5870
-8315
-9736
2408
6704
-3585
-4164
-4560
5779
-6642
-2568
7686
7004
7505
-6019
-7400
1700
-2317
-8859
9434
721
481
7450
-1393
-4708
-7417
609
-7364
-2220
2793
7211
5240
-7273
297
-8021
1588
6026
8392
2309
2956
-2818
2276
974
-5419
7491
9246
6356
9135
-2174
-3830
5820
662
-443
-7643
-3503
-6776
-4503
-115
6056
-3300
-3892
2559
-3821
3341
-9278
-8998
2414
4829
7101
-6656
-4745
8127
-8433
7350
-9928
-5578
5109
9748
8497
-3068
6682
1110
1577
1712
-9749
2807
-3361
6186
-9423
-2143
-3242
7534
-1023
-3108
-2451
3962
678
-5218
-7443
4028
-7589
-6537
620
-9149
5948
-1578
895
-2394
2039
2117
-7806
-3169
-6561
-9196
-3865
8517
6680
-7756
-6655
-8847
-2228
1992
845
6184
3155
-7182
1337
-2588
-7258
-7886
8007
7955
4834
1851
-5532
-2113
-2742
2234
-9991
-2725
4335
-7703
-7143
5889
362
-8691
6807
-7490
-3911
-4361
-8473
-8568
-8117
237
8687
1525
-7936
-2276
2322
-4423
-5394
5224
-5869
6053
3388
-9008
-9559
9295
-603
-1525
-4116
-7708
-8996
-7201
-3833
-8534
1888
9979
-7708
-2217
5933
-3783
-7710
-3085
-8679
2398
7522
7570
284
-7077
-6978
-7085
-8253
1338
1816
9423
-4626
-7695
-8559
-7756
7748
2471
2846
-3631
3727
-2406
-7770
-9242
3946
-7958
7499
-3236
-9478
-8190
7592
-7078
7210
6806
2463
-6450
4570
7027
-2164
2953
8775
-646
-8445
-9770
782
-8629
7789
-9759
6592
-8153
9416
7108
7833
-2105
-7165
3273
-2893
-8445
-4825
7998
-6592
9551
-9908
5269
-8499
907
-7543
-5324
-2176
-6005
2750
6780
6770
-5589
-562
2449
-9786
5350
-7511
-9452
-7405
3621
6857
1244
7736
-4307
-7773
-7158
-2291
7270
4009
-2823
-7418
225
-7804
6578
7119
-5019
5563
-3178
2584
-2339
694
-6592
-7667
-7508
9324
3615
-7362
6928
-9401
2869
-6258
-5665
942
4009
6389
638
3394
5592
-4030
2820
2874
753
1684
1973
-8120
494
1971
-9656
7924
5319
-4406
-6028
2440
2860
5570
6879
1997
5975
-2404
-2056
9795
-5704
7919
-7730
6850
-948
-7180
6564
-4215
-3042
3651
-7586
5892
-4049
2953
-7436
-1107
-3092
-302
9506
5718
-2404
-2389
5180
2367
9105
3863
1117
-8309
3892
-7525
8035
-8030
5039
1498
2592
1603
-7135
-2709
-6004
-7970
6949
8677
9516
2763
7198
-7085
-2674
5269
2884
7449
4048
5150
2204
-9264
1207
-8798
1132
868
-7543
8092
1561
7376
-2633
7972
6217
2904
-3025
7680
2326
3332
-101
7927
7919
-7982
-5757
-8322
7706
-4803
-2526
8063
-5692
-250
555
3120
-167
3069
8959
-7068
-7235
6349
7825
-1267
-6933
-1974
-8120
3036
1757
2600
-9435
-9011
-2941
2592
1553
2345
-7051
5269
7859
1792
-115
168
5046
7830
3120
6778
6719
6516
-182
-4028
-3217
-8098
-2807
3124
8035
-4898
-8899
-1939
5372
-7756
949
-2491
-3340
-3709
510
-8996
4980
-2746
-2592
3674
-2223
-2823
1894
-5239
-4007
657
-63
-1539
-5038
6271
838
-1237
-1844
-4990
1379
-7315
-4914
-5205
-2113
2859
8390
6833
8168
-2235
99
-2148
3201
-7988
2757
1008
-4267
-6849
-7403
-3650
-9706
7985
-5292
-7048
9475
6649
-3826
-6986
-5609
2044
-4838
1506
7537
-5711
-4742
4357
2788
962
252
-72
2531
-4299
-4967
-492
-7135
-9364
3100
-2968
6259
9304
-2810
2464
2788
7961
-4116
-7725
8527
-3098
1460
-7527
2919
3878
8171
-2385
5811
3151
9468
2807
-2002
-3955
-9996
-562
8842
8114
-6929
5270
-5372
-5611
2895
8054
-4964
2494
9383
-8476
-1075
-7315
-7595
-1782
3818
6755
2302
-6776
4500
-8394
7997
6776
-2748
2246
-4590
-1815
-7710
5548
3605
-9221
5365
9045
-3785
7152
9724
7258
6261
-8167
6091
5772
-7230
2798
955
-4952
-3910
8034
-7597
-9353
2199
3192
5732
-7804
-5753
1039
8105
868
-7787
5253
6178
-1684
-1865
7078
-6783
2874
-2605
-5190
-4232
-6811
7451
-2470
-7412
2497
2349
735
-3034
1867
-3156
8080
9653
-9390
1197
-2610
174
-7490
4428
-4800
3139
-2963
8409
-8960
877
-6175
-8770
8785
-4177
7144
1227
-1782
2976
7318
504
-1352
-2472
8044
7014
-4240
-7154
163
-508
8018
7312
2199
9148
4532
5032
1663
2646
-8879
8178
-8359
2326
8641
2613
4726
6422
-4539
-7617
-9453
4434
-8500
4851
7860
-4368
-920
-4887
834
9719
-7149
-6861
6315
2264
3299
-7201
2765
-1651
3277
-7449
2261
4561
-4649
6830
-4534
-7165
7211
7775
-5588
-2908
-7562
-7681
-8792
5325
7243
2193
2656
-401
-8194
1511
-6890
2977
850
7350
-2371
948
-1702
-7347
-2491
-7156
-1802
-9008
4682
939
-6768
3270
-2220
-8030
-9890
5779
-7836
-2383
-3465
2960
-6692
-3737
6653
-1865
4777
-6609
-7999
-3892
3109
5360
5409
6435
-7239
-7990
-2108
7172
-1820
980
6816
297
7040
998
3367
-1862
7313
-4546
-6374
-7045
-2582
4208
-9264
6029
9313
-3533
2168
7582
-7026
8633
8136
-3892
8309
5092
8365
8338
74
-6696
-2355
1933
-2791
-6540
8619
8165
1039
8026
7665
-2242
9384
2661
8025
-7063
2914
3332
3356
-8847
2762
-4232
7856
-2254
7676
-1844
-911
7171
-1215
5897
-9517
-4580
-4435
8742
8394
-2134
914
-2869
-3524
-2025
-6732
7201
889
-7143
7421
6773
-6258
4628
2592
7642
-8864
-2592
2530
6759
-7022
-1698
1743
-95
1820
8260
-2558
1585
2328
2174
182
-1666
-8305
-4900
7111
8168
4320
-9528
-1240
8048
9313
1257
3728
-1753
-5533
-7029
9532
8346
-6578
4782
-8809
-1525
182
765
-4953
-4824
7739
-6655
-3328
1531
8412
8068
-1823
8426
-3833
1117
9536
1594
-7018
-4355
1650
6112
-6491
3996
7823
-651
-391
7947
-7048
-2345
6555
-2260
7270
-3520
-3348
6119
-107
3144
-4378
3367
-8366
165
2158
-9045
-2891
-6826
6126
-6220
8306
-5841
-63
3383
1521
7267
-4645
-6021
3447
4016
8099
-2772
-5019
3814
-700
8291
7986
7027
5732
-1406
-3731
1879
1110
9790
3394
8028
-6553
-3025
-8253
-5374
-2875
-1594
1836
9386
-2966
-6730
9599
3818
2809
2039
-6863
-8242
8057
-1564
-6743
-4224
-2064
-6675
3011
-3915
-7504
-2842
-8156
-1680
6737
-6893
3128
8208
2229
2979
-8182
6877
-6704
-3082
-464
6115
7934
5866
9977
9462
-9910
7912
-7287
-8108
1551
-187
9845
-2891
1766
-8879
-6052
4823
3982
-6312
8291
1920
-1811
-8301
-9185
758
7961
-1777
5762
8099
-6423
-5347
-7298
-2290
-4318
170
1792
-9989
8831
3923
-9838
-2108
1397
-9238
-9935
-7754
-2593
5907
-9075
-6461
-8244
8057
-6913
-6609
2318
2135
7792
7049
-6690
3355
-5784
-7128
7775
-7258
3068
-7939
7087
-7843
-8120
9828
-9303
-5854
-8866
-3631
-8999
1371
7964
-1676
3149
-9501
7056
-1016
-6668
359
-3268
-2897
2200
569
-6486
-20
6883
-7723
876
-7045
-9533
9356
2227
5064
5004
-1695
-7364
2765
-3410
1264
9129
2764
-1366
-6725
8234
1749
7665
-4383
3150
8095
-8823
3529
6026
3111
3928
-8283
-6847
-4213
-3119
-9348
-6595
2660
6776
-2082
-6897
-6798
2584
-3557
7645
-8641
-9609
-3125
1869
-7230
4750
-8328
6307
3243
-2623
702
-9295
3528
165
-3290
-2875
-6850
-2848
3217
-9146
-5448
-678
-9736
-8301
8365
-9786
3561
-7276
-7385
7467
3566
6507
8068
9279
5778
6502
9670
5425
1680
-7717
6266
-6605
-1216
-5903
-7069
6227
-6641
5931
-1428
-8418
-978
7342
-7177
3500
-8989
2039
6604
-7419
1975
-6469
3867
3117
-3892
4298
9714
-1650
8208
-6880
-1571
9938
8775
-1856
366
1928
-5160
404
2071
8365
-163
-2798
8920
-5375
-8585
-9233
-6655
3555
-4285
-5038
4860
3394
-8680
-1177
-1759
-7848
2416
-2772
-63
7245
7106
-8663
-7911
-3356
2874
-5869
-6724
-473
8406
2793
-6380
7893
4543
-4668
-7915
-6492
8363
-8674
1497
-2869
-5707
-2260
-1860
-4245
3728
-7681
7983
7552
3645
-6577
3120
-7078
-2740
-2582
-7051
-3640
-6442
-6366
-3470
-822
5899
-6396
6085
-1351
-4694
-4679
1323
-4634
3651
8461
-9753
3131
-2004
-3121
-6811
5947
-3140
4823
-4217
4655
-7915
-580
-8108
-4410
-7057
-8078
-9838
-7315
8233
7465
-7730
2951
-5668
8726
3442
5644
4184
8468
-1813
-7612
8314
-7085
-2220
1173
3552
8444
4560
3359
1251
5472
1631
1198
-6826
1946
-9636
823
-7691
-2965
-7280
-3511
6850
-667
3339
-6492
3364
6972
-7777
-6956
-7479
-9939
8458
-6358
-2749
-7768
-5071
-3096
-9012
-6560
-1216
3672
-5594
-1436
-6577
-8673
5765
1700
-9282
-3366
8914
2203
1654
5518
-7138
-9630
2560
-8283
-6553
-4299
-6339
-5627
3389
-1304
-1564
-6140
-1637
-8239
-6563
1388
3377
3505
1466
7738
-6534
877
9863
3150
8080
-5998
3011
8016
4946
7650
-6492
7138
3553
-2955
8719
6987
1489
-1869
1166
-3999
3513
-1465
-8784
8208
-6515
852
-9680
6758
9038
-375
8719
-8424
-5347
-6821
-2148
9103
-6024
-6539
1777
-5024
-1697
3780
1648
8633
-4245
-6260
-8108
-2485
-7787
-6306
3185
8844
5902
-1062
-1980
6862
2936
-4533
8662
-6794
-1405
8370
6480
-794
310
-1856
-6911
8730
6263
-9830
7421
3724
3122
8663
-1139
2122
-1406
-3983
-6522
3634
-7298
3620
-8478
3955
-1027
-2466
6642
-6511
-6257
-6257
-3023
-6261
-7380
3714
-8630
-1864
4437
3445
109
-4188
-8246
8639
-6257
8736
9533
-1355
2632
-7723
-5627
4846
7350
-1647
3273
-1581
-7504
9172
7555
-5911
-3954
-6575
-9656
3529
402
-8478
-1305
-4298
8507
-995
7267
-4864
-5529
985
3537
-2500
-2652
-7586
7512
-173
5375
-6244
-1853
3555
2928
6943
-6505
6472
-1881
6868
-6616
2252
-6194
-1431
8448
-1050
2437
-8476
3485
7617
9459
-9052
-4585
-1830
7243
3595
-833
-1830
-8814
-5155
6343
-1992
-832
4760
8640
-7018
-5650
2788
3645
-6139
6773
-7553
2442
-5321
5592
-1333
1214
1336
8824
8291
-6187
2516
3523
1174
-5652
1455
-7897
-6323
-2531
-1770
7467
8795
-9965
7134
8180
-7539
-5195
-7611
2096
8679
-5550
4533
-7180
110
-9158
9290
3653
-1322
-9259
-8476
5273
5355
-6519
5261
-7451
9085
-2931
-4261
-9263
3829
-8984
-4299
185
-464
5501
-41
2181
7645
-1624
-8080
-3288
7395
7218
-1222
-4394
-7385
8391
-1269
3564
3373
3512
7152
1864
6407
5316
-8574
88
-9448
-6475
-2036
3214
2678
-545
-8307
9564
907
7421
-2389
-1298
8575
3272
-4126
-1550
4676
-2467
-7027
-2184
9153
2661
-2354
7908
7802
-9448
7057
-6155
-692
6807
1742
-1830
5148
-7280
-3013
-6780
8288
8392
4190
9688
8278
3887
-5691
-7121
-4745
7637
220
-4250
-9183
8750
3359
8392
8607
3165
949
2547
-1376
-1585
1672
-7500
-8998
-310
7504
6704
-7376
-2042
-1393
-2878
777
8391
3532
2349
8452
4693
-6462
8840
7597
-3108
110
8136
-9635
-7379
-1237
-4975
3453
-908
8209
-6333
9210
-784
8468
-4473
-4857
-3577
6704
-1429
-6115
7775
1915
-2402
-5928
-6194
-6093
8851
8011
5147
3867
-2762
7005
2533
823
-1267
-6655
4611
-3477
6053
6216
3883
1834
-2921
3448
3546
6864
6555
-7864
2490
8633
3316
5633
-7722
8920
7622
-2353
-9374
6448
210
-6159
-1039
-8392
-2694
1458
4786
9663
6807
7134
3401
-5390
-2780
-1405
-5957
-4983
8840
1574
7647
6345
-6861
1407
-2002
-8135
-9278
8730
6457
8375
2108
-1235
-5362
3200
2108
-7686
8011
2556
-9565
3564
3499
1388
-8268
8525
-6040
-1698
-8190
-6140
8693
-6534
3411
-2186
5900
-6213
-35
-726
8687
3854
-6244
3552
4496
8601
-1517
-6151
-1564
3735
-6873
-6184
6543
-8754
-9865
-2558
-981
4342
-9738
8839
8890
2181
-9478
8446
-1192
3331
702
-2098
-2691
4865
9014
9023
-1936
8934
-6258
9030
2622
-6645
-6399
-1102
2887
8291
5520
-8788
8989
-7973
8889
-5940
7979
-4172
-6492
-2018
-5234
330
6068
9321
-6194
7689
3483
831
-8574
-2120
2775
-7016
-9320
9784
5313
3553
3411
6336
3794
-1035
3645
-8914
-6277
-176
2489
-1564
-4803
-6631
8899
7986
5053
-9682
7789
8495
4443
8630
2058
1402
-982
487
-5664
5147
9490
8972
-1670
913
8175
4908
-7110
7138
-6215
-8860
1731
-1096
-1304
4005
2071
9209
-1001
3669
3169
8083
3595
-6933
5160
2947
-6255
3618
-5486
8013
-7725
-7051
8160
-6412
-7915
-9012
8144
8867
-5292
8614
6139
7964
7544
4778
8719
-1694
-1112
-3125
-548
-1672
4202
9415
-8392
-7398
-1693
9372
-6040
-4217
-5986
-2183
-3488
-9362
1388
-1391
-1442
-918
4556
-5994
-4915
-9350
3687
-2477
8876
-3959
2659
-1417
3897
4095
8896
775
9978
-9143
3622
4377
3356
1971
-1350
2953
-3686
9599
-7199
-6423
3373
1571
-6681
-5883
1522
-1628
-5998
1783
-4884
-6357
3339
8754
-1235
-5182
-4649
8750
5502
-8480
8817
-9942
-6708
5185
-1956
-5018
-5905
-878
-1224
4512
-1458
5269
4080
-1594
3777
-4111
-5648
9076
-6853
-5868
7956
751
-1834
-8602
-4487
-5872
3839
7644
3493
506
4644
9061
4619
9432
-5936
3481
4411
7561
8168
-7280
-7051
9960
-2880
-5895
-567
-298
7846
-5390
2524
5196
-6005
4093
-8190
-5922
3757
-3169
3962
-1228
-7169
-7902
8260
-4621
-893
-7061
-5390
-854
7859
-9048
8898
-1714
1179
2147
-1611
-402
8905
-3410
7665
72
7560
-7656
-7287
9103
6825
-7485
6266
2762
5755
-6520
850
-5291
-8257
-591
-4265
1227
-4259
-5991
-7105
-8732
8167
-4088
1605
-1735
9663
-795
-8832
-8139
5525
8765
-6330
9166
-5019
5276
-6054
-8053
366
-1231
6430
8099
-8994
-6681
3863
534
8390
2571
-3876
5727
8146
-6893
-1571
-829
-3698
3291
-9813
-2226
-809
-2377
5130
4014
-5552
-5974
-9329
-154
3857
5106
9615
4235
2209
-5490
3735
-8392
-733
3133
6729
3139
8630
692
-5800
-7970
-4356
9203
2416
-6155
-5801
205
-6973
7057
8048
9246
-782
-2940
-2657
-4839
1545
8028
-1958
-5269
8537
9203
-5627
8884
-5983
2470
4227
-7022
8632
-5869
-7180
4239
2974
363
-5920
9678
8289
3769
-755
-6335
-7571
-1564
-1440
3955
4972
3854
-1564
1897
-3917
-7645
-6488
8891
2192
1552
3516
8802
9195
-6861
-2637
1719
3639
-1313
4262
3811
-1719
-6044
-6310
-6093
7921
753
-1018
3562
-1751
3693
2278
9058
3553
-5841
-4240
8506
-2615
-2491
8068
6850
-4381
563
-4175
-5960
496
-5998
432
9222
-7398
6653
-4177
-5901
-5944
-6329
-3872
3299
-1149
-6501
-4334
8582
1042
3381
8212
7752
-6491
4245
-5945
8772
9195
7198
262
-7355
-4516
5529
-8496
-696
-4597
6885
9334
946
-1591
8226
-1123
-4580
8899
-2174
9634
3315
6984
7676
-1811
-8638
2692
-8203
-1637
3505
-1718
-731
9293
9794
8583
-9016
-8832
-8989
-1022
9105
9011
8621
3955
3263
8286
4057
3996
3753
1883
-5911
9210
9129
-5357
9197
-7562
2414
-8293
60
-1080
-2185
8863
8266
7183
-7408
-5974
-6592
-799
-1251
-9615
2100
809
-7279
-7177
6435
-5829
8621
-788
-9011
-1431
26
4085
-5396
-1933
2411
-7936
-5653
5425
-803
3928
8867
-6746
-6708
9222
-5677
-9064
210
-5314
-8889
-9804
-5648
-3226
9332
3814
-9233
-3370
8890
3445
8538
-9478
2592
411
-9915
-3015
3499
-8273
106
8095
9214
-5662
2913
9835
7678
-733
8538
-5918
-7175
-5753
1671
3968
635
7101
-5218
844
3620
-819
-216
9819
6020
-889
-678
5529
-4609
-72
8148
-5643
-6668
-2601
3394
-3524
2976
-933
5708
-8825
-9588
-6561
-2174
3992
-5849
-7897
4292
7600
-1864
-5928
-660
2928
3076
4312
8685
7889
-8350
-1277
-6929
-8067
-2668
-251
-8852
-8309
-5817
5814
-772
3714
-641
-4245
-7352
-2324
8993
-7351
-601
2874
4823
-4260
9324
2786
-741
-4201
2245
9396
-6264
9085
4823
-4298
3823
-852
-6816
1097
-5934
7033
8168
-6685
2125
-1090
3513
-7256
-9648
2886
8717
163
-5827
-1257
791
4244
8497
8900
6026
-933
6680
9419
-6579
2385
270
-5577
9378
-5319
6729
2288
-6861
8392
-1131
312
-651
7062
-646
-782
-705
-2205
7510
1591
1110
-9727
-1113
-6686
2469
-5719
-9962
4375
7732
-4496
9276
2432
9386
7169
1696
9937
7028
3382
-7070
-6609
5355
-1136
9444
-1581
2519
7893
6911
9076
-631
-2276
9153
-8358
6960
-5094
6181
-8734
-6038
-5722
-911
6723
-1197
-9651
-3119
8612
3537
8630
6781
4232
9240
4034
-2451
9203
3445
3442
-5789
7820
-5526
-6126
1429
3358
-613
-1305
5900
-5539
-8909
-674
875
6390
-9295
-2222
1257
5181
9309
-8044
4509
-8631
-8563
-5539
-5592
1845
-2451
-8415
-295
4620
841
5692
1979
-1442
2962
9462
-7563
-5954
-5043
9337
4663
-2780
2784
9446
4211
-2477
-7817
7859
8893
7686
-7180
7833
-9644
9214
-4012
-6331
9308
-5487
-613
8944
9443
5736
-6511
2352
-1997
8561
9544
-758
7312
-5155
-8692
-5755
-7416
-6181
1757
5943
8867
2133
-608
-4183
-1436
-7554
-1235
1331
4073
2757
-8894
-2138
4421
4526
-5110
8923
4151
-4233
-864
7775
-4128
-3514
8092
5898
5350
-1405
-9759
4348
9533
9595
4511
2166
-8128
-2641
-4612
3887
3863
-7554
4056
-10
-1700
-5560
5830
-6228
985
-7003
-6527
5727
6995
-1802
4482
9272
-7804
7645
-5422
4304
4448
4164
9347
9400
-3667
2449
-5832
-576
-9597
988
7447
5211
-2235
9414
-2129
-8558
7854
-4030
4747
8727
4698
9221
9441
6957
4449
-3796
3706
-9037
9562
4084
-7511
-640
4482
9354
-867
1731
-707
7442
-3055
-6448
8679
3969
-7227
-1882
-494
4207
-6007
7062
-733
-6880
-9556
9565
4605
3727
4915
8865
-1906
-1399
2490
-404
8900
-378
-8336
-6492
-5478
-3931
-4782
-136
-770
-9120
-6058
1905
-8506
5110
-5736
9714
2212
9477
4552
-1388
8442
4532
-7652
6690
6949
-369
-6187
-2696
-809
-8631
-8476
-7773
-3034
-3418
-6607
-443
-593
141
-3300
-4783
2825
7652
473
5695
-4898
-2408
-542
9023
8911
6232
140
-6597
-5309
-3034
6319
-8870
9938
-1865
4190
5736
8533
6368
9519
-6173
4561
-1777
9599
-515
-6451
-9288
-2001
4771
702
4562
5311
7273
1921
7137
4469
-5611
9030
1594
-1564
-3217
3290
8538
-2178
8997
-4199
9576
7545
-7385
-5704
-1112
-4235
-1215
-9736
-327
8369
3858
9667
4482
-678
2074
-1556
20
-376
3629
502
4169
9463
-5004
9097
-4118
-6862
-4877
-9246
8134
4621
141
7544
-7967
8538
2934
7776
-782
-3042
-6681
3555
-1258
-824
9689
7837
-3260
-5811
-3931
9612
-1881
1800
-5320
332
-1438
1876
2999
-1569
4512
9551
-8575
-3779
9158
-2848
8585
-6390
-902
-6506
463
6188
4702
2158
-5626
-461
9349
2889
2228
-8563
4369
4881
4408
-6934
6937
-7513
-3166
8934
8412
-462
-290
-5943
2960
-274
-6020
9724
-5777
-303
4426
1768
-5309
6455
-2254
-3942
6893
8857
-6257
-4622
9477
5749
-8324
-1952
-9242
2074
-2002
9791
968
2468
2774
8927
2415
-6534
906
-1084
8999
5346
2395
-570
2990
-300
-1117
7517
-1236
6516
-948
9594
-833
9728
9599
-98
-6159
8054
-8144
-7535
5552
9728
-692
-2637
-3251
4717
-5842
-5320
8934
3883
3587
-5228
9705
-1794
-231
-5854
2848
-3473
9295
7125
-9528
9464
2084
907
-8842
-4663
-6033
-4080
-6126
4227
4771
-20
-7651
5053
-9680
-693
-3025
3556
9259
8280
-660
-8847
7684
-9186
522
-8078
364
8575
-5292
-887
5466
-9961
-7366
9790
-5809
9696
-7212
4784
6444
3888
1820
204
8811
3004
-702
-207
299
8626
4197
2678
3950
-3054
6350
9095
-5472
23
-4612
8972
3485
-5817
-7839
8576
-5198
5672
8461
-9480
6449
3655
-8391
-2833
-3335
9808
-8075
2956
4516
8219
3463
-7383
4102
9808
4671
-5859
4564
2110
5967
-9656
-1760
-953
4788
9808
-7906
9036
5924
9828
-7614
6614
-5207
-3198
4754
6860
2524
9708
5914
-7817
-6159
-9604
-6258
-9028
7584
2294
-6213
186
9508
-7723
-83
-182
-7135
4797
-1060
-6090
8876
4845
-5271
-252
-178
-7313
3315
5130
4839
-6745
6618
5309
-307
-5453
4486
-7765
-227
-542
5009
-147
-6538
-9324
4655
-4068
-2414
4271
2449
4037
5680
5602
4016
-4971
-6681
-6840
-5756
5640
-5219
9858
4785
-8570
4710
4699
-4076
-3795
-8847
-2928
181
9880
9769
1742
-649
4312
-125
5727
-6257
-5195
-2042
7841
-7000
-5289
-8134
8641
9643
3401
9000
-5648
110
9316
9728
-422
-4190
9213
-4116
8859
3199
3093
-616
8245
2784
-197
-5772
-9644
-3733
-8998
6579
-2505
3867
9705
-5348
-6007
9246
-5291
2387
-6351
-4355
4820
1577
-4200
-2183
6937
-6740
2722
9893
3666
-9379
3199
5140
2775
8921
-2988
3341
-2250
7166
4558
-5678
4424
-6380
-3509
-4204
-1576
7458
9938
-7685
7147
-2807
-314
-3752
-5283
-578
-3860
4570
6570
-996
-5060
-5911
-8588
8121
1420
8621
5093
464
1801
3526
580
3982
1132
-2808
8655
3483
2047
4627
-9752
5913
-843
9719
3459
8693
-5696
4528
-3783
-5661
4764
-4183
-4257
6752
-6207
4102
-514
9937
5466
-5673
-899
-64
-107
4707
-8051
2288
-1914
9794
-5047
-622
-3942
5529
9877
8770
4464
6674
-7902
8063
5608
-7756
6570
1697
-2964
6257
-4958
-171
-5060
-24
-2014
3645
9220
4940
8128
-6973
9577
2904
-5534
-5024
-2376
8633
-274
1672
-5276
-4239
1783
-9656
-4655
-5869
-23
7443
-5374
-561
4512
4982
4626
-3132
-5652
3753
-930
2345
-8903
-4609
-5024
-6561
-8730
9219
-514
9705
-8970
4655
-9627
1358
-5314
2193
-9318
-3413
129
2234
-904